3 4
6 9 13 4
6 9 13 4
5 8 12 4
5 8 12 3
5 2
6 9 13 17 22 5
6 9 13 17 22 5
4 6
4 7 11 14 4
4 8 12 16 2
4 7 11 14 3
4 8 12 16 2
4 8 11 15 4
4 8 11 15 4
1 3
4 4
4 4
4 3
5 4
3 5 7 9 12 2
3 5 7 9 12 2
3 5 7 9 12 3
3 5 7 9 12 2
1 3
4 4
4 3
4 3
1 5
10 5
9 4
10 5
9 4
7 3
5 7
3 6 9 12 15 4
3 6 9 12 15 3
3 6 9 12 15 4
3 6 9 12 15 3
3 6 9 12 15 3
3 5 8 11 14 4
3 5 8 11 14 4
3 4
6 9 13 4
5 8 12 3
6 9 13 4
5 8 12 3
3 3
4 7 10 2
4 7 19 3
3 6 9 3
1 2
4 4
4 4